0.000000e+00	4.175852e-19
-1.224647e-15	4.170111e-20
-2.449294e-15	1.031934e-20
-1.077937e-14	4.418423e-21
-4.898587e-15	2.406658e-21
9.821934e-16	1.727114e-21
-2.155874e-14	9.041126e-22
-1.567795e-14	9.547930e-22
-9.797174e-15	5.578409e-22
-3.916394e-15	9.724778e-22
1.964387e-15	5.618108e-23
7.845167e-15	6.409819e-22
-4.311747e-14	2.377069e-22
-3.723669e-14	3.455452e-22
-3.135591e-14	2.817404e-22
-2.547513e-14	2.323289e-22
-1.959435e-14	2.080019e-22
-1.371357e-14	1.297802e-22
-7.832788e-15	2.344542e-22
-1.952007e-15	3.336940e-22
3.928773e-15	2.480858e-22
9.809554e-15	5.416943e-22
1.569033e-14	4.841772e-23
2.157112e-14	1.667442e-22
-8.623494e-14	3.215419e-24
-8.035416e-14	2.053547e-22
-7.447338e-14	3.174695e-23
-6.859260e-14	3.290674e-23
-6.271182e-14	2.784647e-23
-5.683104e-14	1.987540e-22
-5.095026e-14	2.063881e-23
-4.506948e-14	9.693170e-23
-3.918870e-14	1.941374e-23
-1.469948e-13	7.719296e-23
-2.742714e-14	1.059508e-22
-1.352332e-13	1.171441e-23
-1.566558e-14	3.929235e-23
-1.234716e-13	1.498805e-22
-3.904014e-15	4.306290e-23
-1.117101e-13	2.489669e-24
7.857547e-15	1.326413e-22
-9.994851e-14	9.126376e-23
1.961911e-14	9.932601e-23
-8.818695e-14	2.643197e-23
3.138067e-14	1.213704e-23
-7.642539e-14	2.081307e-23
4.314223e-14	1.119230e-22
-6.466383e-14	1.903504e-23
-1.724699e-13	7.123186e-24
-5.290227e-14	3.276695e-23
-1.607083e-13	7.765938e-23
-4.114070e-14	3.565554e-23
-1.489468e-13	4.465082e-23
-2.937914e-14	5.675667e-23
-1.371852e-13	1.982251e-22
-1.761758e-14	1.086684e-23
-1.254236e-13	5.462245e-23
-5.856021e-15	2.191751e-23
-1.136621e-13	2.037973e-22
5.905540e-15	7.783060e-24
-1.019005e-13	8.568902e-23
1.766710e-14	9.120075e-23
-9.013896e-14	9.078889e-23
2.942866e-14	1.246802e-23
-7.837740e-14	1.583191e-22
-1.861835e-13	4.260266e-23
-2.939895e-13	8.834395e-23
-1.744219e-13	3.093674e-23
-5.485427e-14	5.319642e-23
6.471335e-14	1.925258e-23
-2.704664e-13	4.317549e-23
-1.508988e-13	1.449509e-23
-3.133115e-14	5.201949e-23
8.823647e-14	3.245730e-24
-2.469433e-13	6.319286e-22
-1.273756e-13	2.228196e-22
-7.808028e-15	6.442416e-23
1.117596e-13	1.777909e-22
-2.234201e-13	1.035593e-22
-1.038525e-13	3.450100e-22
1.571509e-14	1.494756e-22
-3.194646e-13	6.007335e-22
-1.998970e-13	1.156729e-22
-8.032940e-14	2.267540e-21
3.923822e-14	4.820100e-23
-2.959415e-13	1.608248e-22
-1.763739e-13	2.251881e-22
-5.680628e-14	3.083093e-22
6.276134e-14	2.384063e-23
-2.724184e-13	1.109107e-21
-1.528508e-13	6.764703e-23
-3.328316e-14	3.214663e-21
8.628446e-14	7.205992e-23
-2.488953e-13	3.420451e-20
-1.293277e-13	8.181961e-20
-9.760036e-15	3.751201e-20
-3.449398e-13	9.245610e-23
-2.253721e-13	4.463864e-21
-1.058045e-13	1.352172e-22
1.376309e-14	1.644081e-21
-3.214166e-13	1.234949e-22
-2.018490e-13	6.187913e-22
-8.228141e-14	3.164666e-22
3.728621e-14	1.213165e-21
-2.978935e-13	1.595221e-21
-1.783259e-13	1.631180e-22
-5.875829e-14	3.143526e-22
6.080933e-14	8.358287e-23
-2.743704e-13	8.608597e-23
-1.548028e-13	1.542591e-22
-3.523516e-14	3.912524e-23
8.433245e-14	5.169562e-23
-2.508473e-13	6.776669e-23
-1.312797e-13	2.414780e-23
-1.171204e-14	1.030112e-23
-3.468918e-13	2.643453e-22
-2.273242e-13	9.913991e-23
-1.077565e-13	1.246846e-22
1.181108e-14	8.444130e-23
-3.233687e-13	3.580547e-23
-2.038010e-13	1.127154e-22
-8.423342e-14	1.217315e-23
3.533420e-14	9.868216e-23
-2.998455e-13	9.241248e-23
-1.802779e-13	1.619650e-22
-6.071029e-14	5.837721e-23
5.885732e-14	5.260206e-23
-2.763224e-13	3.204164e-23
-1.567548e-13	9.174544e-23
-3.718717e-14	1.966913e-23
-3.723669e-13	3.444760e-23
-2.527993e-13	1.895247e-23
-5.879790e-13	7.343105e-23
-1.366405e-14	6.858675e-24
-3.488438e-13	5.409694e-23
2.254712e-13	5.196050e-24
-1.097085e-13	6.669905e-23
-4.448883e-13	1.463140e-23
1.294267e-13	1.110950e-22
-2.057530e-13	4.450676e-24
-5.409328e-13	9.361363e-23
3.338219e-14	1.424558e-23
-3.017975e-13	3.783588e-23
2.725174e-13	3.370248e-23
-6.266230e-14	1.573071e-22
-3.978420e-13	4.192072e-23
1.764729e-13	1.309092e-23
-1.587068e-13	1.137053e-22
-4.938865e-13	4.828694e-23
8.042844e-14	5.461669e-23
-2.547513e-13	2.314404e-23
-5.899310e-13	2.274595e-23
-1.561606e-14	6.945188e-23
-3.507958e-13	3.245181e-23
2.235192e-13	4.544716e-23
-1.116606e-13	4.470006e-23
-4.468403e-13	4.577321e-23
1.274747e-13	1.428902e-22
-2.077050e-13	1.361554e-23
-5.428848e-13	6.719260e-23
3.143019e-14	5.333504e-23
-3.037495e-13	2.721581e-23
-6.389293e-13	2.003980e-23
-6.461431e-14	7.943177e-23
-3.997940e-13	4.079892e-23
1.745209e-13	2.870342e-23
-1.606588e-13	1.364154e-22
-4.958385e-13	2.222123e-22
7.847643e-14	4.835049e-22
-2.567033e-13	3.689552e-22
-5.918830e-13	1.015288e-22
-1.756806e-14	4.336671e-23
-3.527478e-13	3.235417e-23
2.215672e-13	2.583053e-22
-1.136126e-13	1.318910e-22
-4.487923e-13	3.553511e-22
1.255227e-13	3.863249e-23
-2.096571e-13	1.248590e-21
-5.448368e-13	7.380161e-22
2.947818e-14	1.245302e-22
-3.057016e-13	1.059188e-23
-6.408813e-13	2.922496e-22
-6.656632e-14	2.472586e-22
-4.017460e-13	5.915154e-22
1.725689e-13	9.965488e-25
-1.626108e-13	1.861746e-21
-4.977905e-13	2.491903e-21
7.652442e-14	2.158518e-20
-2.586553e-13	4.952269e-21
-5.938350e-13	2.349103e-20
-1.952007e-14	2.023543e-21
-3.546998e-13	2.782947e-21
-6.898795e-13	7.632073e-23
-1.155646e-13	1.251261e-21
-4.507443e-13	2.163347e-22
1.235707e-13	5.888677e-22
-2.116091e-13	1.184521e-23
-5.467888e-13	7.612216e-22
2.752617e-14	9.861192e-22
-3.076536e-13	2.082936e-24
-6.428333e-13	5.186038e-24
-6.851832e-14	1.516977e-22
-4.036981e-13	2.501128e-24
1.706169e-13	1.512335e-23
-1.645628e-13	8.469920e-25
-4.997426e-13	9.385792e-23
7.457242e-14	7.144445e-23
-2.606073e-13	4.431239e-23
-5.957870e-13	3.537381e-22
-2.147208e-14	4.672828e-23
-3.566518e-13	7.140435e-23
-6.918315e-13	1.345598e-22
-1.175166e-13	3.754016e-23
-4.526963e-13	7.678475e-23
1.216187e-13	5.208655e-23
-2.135611e-13	1.333620e-23
-5.487408e-13	1.644330e-24
2.557417e-14	2.637622e-23
-3.096056e-13	1.605040e-22
-6.447853e-13	3.994774e-23
-7.047033e-14	2.023952e-23
-4.056501e-13	6.568471e-23
1.686649e-13	4.749031e-23
-1.665148e-13	1.100448e-23
-5.016946e-13	1.707798e-23
7.262041e-14	1.444107e-23
-2.625593e-13	7.729209e-23
-5.977391e-13	7.298790e-24
-2.342409e-14	4.530352e-23
-3.586038e-13	5.789597e-23
-6.937836e-13	4.079916e-23
-1.194686e-13	6.106748e-23
-4.546483e-13	1.407530e-23
1.196667e-13	3.650080e-23
-2.155131e-13	5.246882e-24
-5.506928e-13	3.572929e-23
2.362216e-14	1.686139e-23
-3.115576e-13	8.814978e-24
-6.467373e-13	5.494747e-23
-7.242234e-14	9.460850e-24
-4.076021e-13	8.574188e-24
-7.427818e-13	4.542884e-23
-1.684668e-13	7.727660e-23
-5.036466e-13	4.301937e-23
7.066840e-14	3.532122e-23
-2.645113e-13	2.545338e-23
-5.996911e-13	1.403837e-23
-2.537609e-14	1.895252e-23
-3.605558e-13	8.374967e-23
-6.957356e-13	2.609777e-23
-1.214206e-13	1.060506e-23
-4.566003e-13	1.769220e-22
1.177146e-13	1.024386e-23
-2.174651e-13	-8.676840e-42
-5.526448e-13	-4.859973e-42
2.167015e-14	-3.679062e-42
-3.135096e-13	8.691695e-311
-6.486893e-13	8.693215e-311
-7.437434e-14	-8.676844e-42
-4.095541e-13	-3.528069e-42
-7.447338e-13	-1.443899e-41
-1.704188e-13	3.642653e-314
-5.055986e-13	2.121996e-314
-8.407783e-13	1.182513e-22
-1.175958e-12	1.012341e-320
3.078516e-13	7.126962e-306
-2.732810e-14	2.122012e-314
-3.625078e-13	8.693215e-311
-6.976876e-13	-4.869041e-42
-1.032867e-12	-3.657525e-42
4.509424e-13	-1.443898e-41
1.157626e-13	2.023693e-320
-2.194171e-13	-8.692718e-42
-5.545968e-13	-3.647886e-42
-8.897766e-13	-1.443899e-41
-1.224956e-12	2.023693e-320
2.588534e-13	9.548981e-313
-7.632635e-14	-8.676844e-42
-4.115061e-13	-7.161888e-01
-7.466858e-13	-3.222685e-42
-1.081866e-12	-7.161793e-01
4.019441e-13	-3.234673e-42
6.676439e-14	-7.040982e-42
-2.684153e-13	-2.951633e-42
-6.035951e-13	1.425224e-313
-9.387748e-13	2.077195e+51
5.450349e-13	2.630193e-52
2.098551e-13	-3.234674e-42
-1.253246e-13	-7.040982e-42
-4.605043e-13	-2.951633e-42
-7.956841e-13	1.425224e-313
-1.130864e-12	3.049342e+187
3.529459e-13	1.997594e-310
1.776614e-14	3.507912e-112
-3.174136e-13	1.982443e-318
-6.525933e-13	9.548981e-313
-9.877731e-13	9.881313e-324
4.960366e-13	9.761181e-313
1.608569e-13	1.145878e-312
-1.743229e-13	1.124658e-312
-5.095026e-13	1.209538e-312
-8.446823e-13	9.548981e-313
-1.179862e-12	-6.598405e-85
3.039476e-13	2.970794e-313
-3.123211e-14	-7.041693e+08
-3.664118e-13	1.166554e-268
-7.015916e-13	5.693813e-251
-1.036771e-12	9.600238e-141
4.470384e-13	-2.214143e+49
1.118586e-13	-4.395410e+272
-2.233211e-13	-1.261204e+91
-5.585008e-13	-4.425339e+26
-8.936806e-13	0.000000e+00
-1.228860e-12	3.792773e-313
2.549494e-13	9.881313e-324
-8.023037e-14	-8.701867e-193
-4.154101e-13	-9.147475e+176
-7.505898e-13	0.000000e+00
-1.085770e-12	1.590685e-314
3.980401e-13	-3.228586e-42
6.286038e-14	5.834676e-314
-2.723194e-13	-7.162651e-01
-6.074991e-13	-7.162651e-01
-9.426788e-13	7.336347e-23
-1.277859e-12	1.774058e-314
2.059511e-13	nan
-1.292286e-13	4.940656e-324
-4.644083e-13	-7.159195e-01
-7.995881e-13	-7.161064e-01
-1.134768e-12	1.273197e-313
3.490419e-13	0.000000e+00
1.386212e-14	-7.161183e-01
-3.213176e-13	9.913193e-313
-6.564973e-13	2.121996e-314
-9.916771e-13	4.243992e-314
4.921326e-13	9.102623e-24
1.569529e-13	2.546395e-313
-1.782269e-13	1.590684e-314
-5.134066e-13	4.063533e-315
-8.485863e-13	3.408739e-308
-1.183766e-12	1.625975e-260
3.000436e-13	4.607046e-24
-3.513613e-14	-7.161640e-01
-3.703159e-13	-3.661477e-42
-7.054956e-13	4.862268e-270
-1.040675e-12	4.940656e-324
4.431343e-13	1.796489e-22
1.079546e-13	-8.676845e-42
-2.272251e-13	4.862268e-270
-5.624049e-13	-3.167998e-42
-8.975846e-13	1.590685e-314
-1.232764e-12	1.379073e-23
2.510454e-13	3.875488e-23
-8.413438e-14	4.387804e-23
-4.193141e-13	3.785373e-23
-7.544938e-13	2.789465e-22
-1.089674e-12	1.117046e-22
3.941361e-13	2.191874e-22
5.895636e-14	3.437024e-23
-2.762234e-13	6.657990e-23
-6.114031e-13	0.000000e+00
-9.465828e-13	0.000000e+00
-1.281763e-12	0.000000e+00
2.020471e-13	0.000000e+00
-1.331326e-13	0.000000e+00
-4.683124e-13	-nan
-8.034921e-13	2.060395e-21
-1.138672e-12	0.000000e+00
3.451378e-13	-nan
9.958109e-15	4.511642e-308
-3.252216e-13	-7.169591e-01
-6.604014e-13	2.108698e-314
-9.955811e-13	1.323509e-22
-1.330761e-12	1.245146e-314
1.530488e-13	-2.480736e-42
-1.821309e-13	5.729389e-313
-5.173106e-13	4.862270e-270
-8.524903e-13	3.022831e-21
-1.187670e-12	1.469095e-21
2.961396e-13	1.469095e-21
-3.904014e-14	-3.376517e-42
-3.742199e-13	1.520270e-314
-7.093996e-13	-nan
-1.044579e-12	2.143216e-312
-1.379759e-12	6.790387e-313
1.040506e-13	3.184766e-22
-2.311291e-13	3.467642e-22
-5.663089e-13	2.337643e-22
-9.014886e-13	1.327204e-23
-1.236668e-12	1.948823e-23
2.471413e-13	6.954917e-23
-8.803839e-14	3.162038e-24
-4.232181e-13	4.511221e-24
-7.583979e-13	9.607188e-25
-1.093578e-12	1.019121e-22
3.902321e-13	1.600716e-22
5.505235e-14	5.680374e-24
-2.801274e-13	2.389404e-22
-6.153071e-13	1.981956e-23
-9.504869e-13	5.330700e-23
-1.285667e-12	5.403881e-23
1.981431e-13	6.602804e-23
-1.370366e-13	1.113053e-23
-4.722164e-13	8.181357e-26
-8.073961e-13	7.097485e-24
-1.142576e-12	2.207143e-23
3.412338e-13	9.874186e-23
6.054095e-15	2.224308e-23
-3.291256e-13	7.019478e-25
-6.643054e-13	1.152345e-23
-9.994851e-13	6.572847e-23
-1.334665e-12	6.598841e-24
1.491448e-13	5.482225e-24
-1.860349e-13	9.546690e-24
-5.212146e-13	1.481655e-23
-8.563944e-13	1.316916e-23
-1.191574e-12	1.093038e-22
2.922356e-13	2.658351e-23
-4.294416e-14	9.633217e-24
-3.781239e-13	5.024894e-23
-7.133036e-13	2.200210e-23
-1.048483e-12	7.187625e-24
-1.383663e-12	6.964589e-23
1.001466e-13	5.258987e-25
-2.350331e-13	2.009774e-24
-5.702129e-13	1.532324e-23
-9.053926e-13	1.149461e-23
-1.240572e-12	7.345771e-23
2.432373e-13	1.635598e-24
-9.194241e-14	3.672548e-23
-4.271221e-13	8.787291e-23
-7.623019e-13	1.733638e-23
-1.097482e-12	5.309018e-24
-1.432661e-12	2.273678e-24
5.114833e-14	5.900512e-23
-2.840314e-13	6.699798e-24
-6.192111e-13	6.789681e-24
-9.543909e-13	3.757706e-23
-1.289571e-12	4.495603e-23
1.942391e-13	9.131707e-23
-1.409407e-13	1.383771e-22
-4.761204e-13	3.770815e-23
-8.113001e-13	1.907130e-23
-1.146480e-12	9.767911e-23
3.373298e-13	1.546501e-23
2.150081e-15	1.566055e-23
-3.330297e-13	1.332843e-24
-6.682094e-13	2.807764e-23
-1.003389e-12	2.786305e-24
-1.338569e-12	5.882846e-23
1.452408e-13	4.021188e-22
-1.899389e-13	2.878707e-22
-5.251186e-13	-1.501576e-41
-8.602984e-13	4.854863e-270
-1.195478e-12	4.372072e-23
2.883316e-13	2.429650e-22
-4.684817e-14	4.574649e-314
-3.820279e-13	-9.801273e-42
-7.172076e-13	-1.609812e-41
-1.052387e-12	1.000739e-313
-1.387567e-12	-1.503633e-41
9.624257e-14	1.863144e-21
-2.389372e-13	4.106562e-22
-5.741169e-13	1.637434e-313
-9.092966e-13	1.947320e-305
-1.244476e-12	-2.662040e-42
2.393333e-13	5.580146e-23
-9.584642e-14	2.595756e-23
-4.310262e-13	1.389731e-23
-7.662059e-13	9.337206e-22
-1.101386e-12	0.000000e+00
-1.436565e-12	1.358077e-311
4.724432e-14	-9.801693e-42
-2.879354e-13	-2.714392e-42
-6.231151e-13	2.188454e-314
-9.582949e-13	2.007662e-22
-1.293475e-12	-1.609812e-41
1.903351e-13	-1.612878e-41
-1.448447e-13	-1.504341e-41
-4.800244e-13	4.852538e-270
-8.152041e-13	-1.612777e-41
-1.150384e-12	-9.810666e-42
-1.485564e-12	4.940656e-324
-1.753933e-15	-1.612395e-41
-3.369337e-13	2.418264e-24
-6.721134e-13	8.848099e-24
-1.007293e-12	3.931245e-23
-1.342473e-12	2.025028e-314
1.413368e-13	-7.168545e-01
-1.938429e-13	4.854687e-270
-5.290227e-13	1.520731e-314
-8.642024e-13	1.218028e-22
-1.199382e-12	1.780353e-23
2.844275e-13	-9.801693e-42
-5.075218e-14	3.904250e-23
-3.859319e-13	5.059805e-24
-7.211117e-13	5.973457e-23
-1.056291e-12	1.762310e-23
-1.391471e-12	1.298258e-23
9.233856e-14	3.915757e-23
-2.428412e-13	-1.609812e-41
-5.780209e-13	3.642727e-314
-9.132006e-13	-1.525035e-41
-1.248380e-12	-9.810670e-42
2.354293e-13	2.121996e-314
-9.975044e-14	1.701897e-23
-4.349302e-13	1.271025e-23
-7.701099e-13	4.880165e-270
-1.105290e-12	4.852536e-270
-1.440469e-12	3.132735e-23
4.334030e-14	-2.676054e-42
-2.918394e-13	-8.676844e-42
-6.270192e-13
-9.621989e-13
-1.297379e-12
1.864310e-13
-1.487487e-13
-4.839284e-13
-8.191082e-13
-1.154288e-12
-1.489468e-12
-5.657948e-15
-3.408377e-13
-6.760174e-13
-1.011197e-12
-1.346377e-12
-1.681557e-12
-2.016736e-12
-2.351916e-12
9.508830e-13
6.157033e-13
2.805235e-13
-5.465620e-14
-3.898359e-13
-7.250157e-13
-1.060195e-12
-1.395375e-12
-1.730555e-12
-2.065735e-12
-2.400914e-12
9.018847e-13
5.667050e-13
2.315253e-13
-1.036545e-13
-4.388342e-13
-7.740139e-13
-1.109194e-12
-1.444373e-12
-1.779553e-12
-2.114733e-12
-2.449913e-12
8.528865e-13
5.177068e-13
1.825270e-13
-1.526527e-13
-4.878324e-13
-8.230122e-13
-1.158192e-12
-1.493372e-12
-1.828551e-12
-2.163731e-12
-2.498911e-12
8.038882e-13
4.687085e-13
1.335288e-13
-2.016510e-13
-5.368307e-13
-8.720104e-13
-1.207190e-12
-1.542370e-12
-1.877550e-12
-2.212729e-12
1.090070e-12
7.548900e-13
4.197103e-13
8.453053e-14
-2.506492e-13
-5.858289e-13
-9.210087e-13
-1.256188e-12
-1.591368e-12
-1.926548e-12
-2.261728e-12
1.041071e-12
7.058917e-13
3.707120e-13
3.553228e-14
-2.996475e-13
-6.348272e-13
-9.700069e-13
-1.305187e-12
-1.640366e-12
-1.975546e-12
-2.310726e-12
9.920732e-13
6.568935e-13
3.217138e-13
-1.346598e-14
-3.486457e-13
-6.838254e-13
-1.019005e-12
-1.354185e-12
-1.689365e-12
-2.024544e-12
-2.359724e-12
9.430750e-13
6.078952e-13
2.727155e-13
-6.246423e-14
-3.976440e-13
-7.328237e-13
-1.068003e-12
-1.403183e-12
-1.738363e-12
-2.073543e-12
-2.408722e-12
8.940767e-13
5.588970e-13
2.237173e-13
-1.114625e-13
-4.466422e-13
-7.818219e-13
-1.117002e-12
-1.452181e-12
-1.787361e-12
-2.122541e-12
-2.457721e-12
8.450785e-13
5.098987e-13
1.747190e-13
-1.604607e-13
-4.956405e-13
-8.308202e-13
-1.166000e-12
-1.501180e-12
-1.836359e-12
-2.171539e-12
-2.506719e-12
7.960802e-13
4.609005e-13
1.257208e-13
-2.094590e-13
-5.446387e-13
-8.798184e-13
-1.214998e-12
-1.550178e-12
-1.885358e-12
-2.220537e-12
-2.555717e-12
7.470820e-13
4.119022e-13
7.672250e-14
-2.584572e-13
-5.936370e-13
-9.288167e-13
-1.263996e-12
-1.599176e-12
-1.934356e-12
-2.269536e-12
-2.604715e-12
6.980837e-13
3.629040e-13
2.772425e-14
-3.074555e-13
-6.426352e-13
-9.778150e-13
-1.312995e-12
-1.648174e-12
-1.983354e-12
-2.318534e-12
9.842652e-13
6.490855e-13
3.139057e-13
-2.127400e-14
-3.564537e-13
-6.916335e-13
-1.026813e-12
-1.361993e-12
-1.697173e-12
-2.032352e-12
-2.367532e-12
9.352669e-13
6.000872e-13
2.649075e-13
-7.027226e-14
-4.054520e-13
-7.406317e-13
-1.075811e-12
-1.410991e-12
-1.746171e-12
-2.081351e-12
-2.416530e-12
8.862687e-13
5.510890e-13
2.159092e-13
-1.192705e-13
-4.544502e-13
-7.896300e-13
-1.124810e-12
-1.459989e-12
-1.795169e-12
-2.130349e-12
-2.465529e-12
8.372704e-13
5.020907e-13
1.669110e-13
-1.682688e-13
-5.034485e-13
-8.386282e-13
-1.173808e-12
-1.508988e-12
-1.844167e-12
-2.179347e-12
-2.514527e-12
7.882722e-13
4.530925e-13
1.179127e-13
-2.172670e-13
-5.524467e-13
-8.876265e-13
-1.222806e-12
-1.557986e-12
-1.893166e-12
-2.228345e-12
-2.563525e-12
7.392739e-13
4.040942e-13
6.891447e-14
-2.662653e-13
-6.014450e-13
-9.366247e-13
-1.271804e-12
-1.606984e-12
-1.942164e-12
-2.277344e-12
-2.612523e-12
6.902757e-13
3.550960e-13
1.991622e-14
-3.152635e-13
-6.504432e-13
-9.856230e-13
-1.320803e-12
-1.655982e-12
-1.991162e-12
-2.326342e-12
-2.661522e-12
6.412774e-13
3.060977e-13
-2.908203e-14
-3.642618e-13
-6.994415e-13
-1.034621e-12
-1.369801e-12
-1.704981e-12
-2.040160e-12
-2.375340e-12
-2.710520e-12
5.922792e-13
2.570994e-13
-7.808028e-14
-4.132600e-13
-7.484397e-13
-1.083619e-12
-1.418799e-12
-1.753979e-12
-2.089159e-12
-2.424338e-12
-2.759518e-12
5.432809e-13
2.081012e-13
-1.270785e-13
-4.622583e-13
-7.974380e-13
-1.132618e-12
-1.467797e-12
-1.802977e-12
-2.138157e-12
-2.473337e-12
8.294624e-13
4.942827e-13
1.591029e-13
-1.760768e-13
-5.112565e-13
-8.464363e-13
-1.181616e-12
-1.516796e-12
-1.851975e-12
-2.187155e-12
-2.522335e-12
7.804642e-13
4.452844e-13
1.101047e-13
-2.250750e-13
-5.602548e-13
-8.954345e-13
-1.230614e-12
-1.565794e-12
-1.900974e-12
-2.236153e-12
-2.571333e-12
7.314659e-13
3.962862e-13
6.110644e-14
-2.740733e-13
-6.092530e-13
-9.444328e-13
-1.279612e-12
-1.614792e-12
-1.949972e-12
-2.285152e-12
-2.620331e-12
6.824677e-13
3.472879e-13
1.210819e-14
-3.230715e-13
-6.582513e-13
-9.934310e-13
-1.328611e-12
-1.663790e-12
-1.998970e-12
-2.334150e-12
-2.669330e-12
6.334694e-13
2.982897e-13
-3.689006e-14
-3.720698e-13
-7.072495e-13
-1.042429e-12
-1.377609e-12
-1.712789e-12
-2.047968e-12
-2.383148e-12
-2.718328e-12
5.844712e-13
2.492914e-13
-8.588831e-14
-4.210680e-13
-7.562478e-13
-1.091428e-12
-1.426607e-12
-1.761787e-12
-2.096967e-12
-2.432146e-12
-2.767326e-12
5.354729e-13
2.002932e-13
-1.348866e-13
-4.700663e-13
-8.052460e-13
-1.140426e-12
-1.475605e-12
-1.810785e-12
-2.145965e-12
-2.481145e-12
-2.816324e-12
4.864746e-13
1.512949e-13
-1.838848e-13
-5.190645e-13
-8.542443e-13
-1.189424e-12
-1.524604e-12
-1.859783e-12
-2.194963e-12
-2.530143e-12
-2.865323e-12
4.374764e-13
1.022967e-13
-2.328831e-13
-5.680628e-13
-9.032425e-13
-1.238422e-12
-1.573602e-12
-1.908782e-12
-2.243961e-12
-2.579141e-12
7.236579e-13
3.884781e-13
5.329841e-14
-2.818813e-13
-6.170611e-13
-9.522408e-13
-1.287421e-12
-1.622600e-12
-1.957780e-12
-2.292960e-12
-2.628139e-12
6.746596e-13
3.394799e-13
4.300162e-15
-3.308796e-13
-6.660593e-13
-1.001239e-12
-1.336419e-12
-1.671599e-12
-2.006778e-12
-2.341958e-12
-2.677138e-12
6.256614e-13
2.904816e-13
-4.469809e-14
-3.798778e-13
-7.150576e-13
-1.050237e-12
-1.385417e-12
-1.720597e-12
-2.055776e-12
-2.390956e-12
-2.726136e-12
5.766631e-13
2.414834e-13
-9.369634e-14
-4.288761e-13
-7.640558e-13
-1.099236e-12
-1.434415e-12
-1.769595e-12
-2.104775e-12
-2.439954e-12
-2.775134e-12
5.276649e-13
1.924851e-13
-1.426946e-13
-4.778743e-13
-8.130541e-13
-1.148234e-12
-1.483414e-12
-1.818593e-12
-2.153773e-12
-2.488953e-12
-2.824132e-12
4.786666e-13
1.434869e-13
-1.916928e-13
-5.268726e-13
-8.620523e-13
-1.197232e-12
-1.532412e-12
-1.867592e-12
-2.202771e-12
-2.537951e-12
-2.873131e-12
4.296684e-13
9.448864e-14
-2.406911e-13
-5.758708e-13
-9.110506e-13
-1.246230e-12
-1.581410e-12
-1.916590e-12
-2.251769e-12
-2.586949e-12
-2.922129e-12
3.806701e-13
4.549038e-14
-2.896893e-13
-6.248691e-13
-9.600488e-13
-1.295229e-12
-1.630408e-12
-1.965588e-12
-2.300768e-12
-2.635947e-12
-2.971127e-12
3.316719e-13
-3.507867e-15
-3.386876e-13
-6.738673e-13
-1.009047e-12
-1.344227e-12
-1.679407e-12
-2.014586e-12
-2.349766e-12
-2.684946e-12
6.178533e-13
2.826736e-13
-5.250612e-14
-3.876859e-13
-7.228656e-13
-1.058045e-12
-1.393225e-12
-1.728405e-12
-2.063585e-12
-2.398764e-12
-2.733944e-12
5.688551e-13
2.336754e-13
-1.015044e-13
-4.366841e-13
-7.718638e-13
-1.107044e-12
-1.442223e-12
-1.777403e-12
-2.112583e-12
-2.447762e-12
-2.782942e-12
5.198568e-13
1.846771e-13
-1.505026e-13
-4.856824e-13
-8.208621e-13
-1.156042e-12
-1.491222e-12
-1.826401e-12
-2.161581e-12
-2.496761e-12
-2.831940e-12
4.708586e-13
1.356789e-13
-1.995009e-13
-5.346806e-13
-8.698603e-13
-1.205040e-12
-1.540220e-12
-1.875400e-12
-2.210579e-12
-2.545759e-12
-2.880939e-12
4.218603e-13
8.668061e-14
-2.484991e-13
-5.836789e-13
-9.188586e-13
