838906.955371 0.000000 838906.955371
6714.727313 -53000.573095 53424.229628
26134.500736 -53304.834253 59366.804558
-64027.118608 19973.561223 67070.224878
-2506.845175 -31567.567636 31666.948056
177.403003 -8489.042998 8490.896469
-1762.188821 28269.926110 28324.795351
-28595.075361 -10073.309753 30317.485125
-20407.066975 -28578.952582 35117.017430
29293.679338 -19769.532227 35340.544048
6554.281779 7976.292708 10323.751983
-14852.238435 15259.873350 21294.429346
-25048.484117 -5020.688803 25546.699838
7111.739221 -12425.643176 14316.893626
10470.706809 5747.344202 11944.357097
-8131.226073 4770.750758 9427.454600
-2026.927910 -12719.302918 12879.794388
-70.381490 761.726533 764.971153
-9368.610100 3194.923965 9898.403626
16311.069954 -19554.412245 25464.210989
935.684865 13380.998099 13413.672737
-12040.098263 -4469.421174 12842.884871
16847.393966 -19881.505626 26059.718905
22110.053028 26198.451967 34281.384604
-18052.538926 11953.218130 21651.179768
-10459.998280 -8601.903317 13542.684545
1226.232993 -22106.133870 22140.117480
-2394.986245 -392.578169 2426.948029
4427.058744 -14133.894480 14811.003420
-1766.003922 -13428.367461 13543.995811
7802.942912 -4835.520782 9179.770112
-8242.910977 -13779.930943 16057.150375
14898.248588 -3761.691367 15365.810520
-1183.116975 1074.055662 1597.924073
7788.085051 -3210.833594 8423.996744
9581.369984 -13671.451177 16694.646688
-1482.468964 6747.327941 6908.266684
10420.784748 3555.681192 11010.704951
-10446.963008 9842.930870 14353.477774
-7985.493493 -13312.472323 15523.853441
8709.061060 -2678.413858 9111.621444
-4848.267467 8252.990108 9571.705342
-17858.985492 -19796.961047 26662.014731
9701.814363 -16586.737796 19215.750639
24787.195989 -8820.937985 26309.960698
7244.717229 6204.096603 9538.172906
5597.294929 -10683.299353 12060.787519
9208.221326 12672.736084 15664.915571
-9719.275827 11799.947119 15287.350150
-11865.444842 -9377.250186 15123.544636
-4952.118913 2733.182157 5656.303248
4728.599093 -14259.257380 15022.851607
12727.897256 -4749.307457 13585.112803
3565.292361 13601.979844 14061.478063
-5431.134155 4310.465761 6933.782034
14318.386309 -13255.600870 19512.230547
6071.923424 15528.853995 16673.738646
-20121.234123 7042.775668 21318.178903
-301.302148 -14807.529802 14810.594918
6514.634405 -9291.970893 11348.179788
5821.697453 8054.180884 9937.906769
2231.375654 21928.142306 22041.380680
-22430.203060 7670.651803 23705.545941
-3290.955126 -12741.683250 13159.820579
5479.564154 8392.654090 10023.086649
8712.893571 21250.137533 22966.995005
-8093.381156 13569.328858 15799.667851
4364.235621 -25127.365580 25503.549822
19984.746199 12950.151905 23813.788338
-6540.705463 26029.900236 26839.085943
-5724.287227 3717.512915 6825.493867
1430.476196 -431.142185 1494.036724
-4000.871313 5107.640443 6488.063051
2019.914803 -10128.250150 10327.705791
8040.878561 -7898.935426 11271.597442
-1583.831104 -186.018102 1594.717436
4505.309463 -6992.447539 8318.181048
10656.414892 -2440.466140 10932.294056
-8460.014901 1870.826386 8664.400931
10597.547883 810.666932 10628.508927
9323.900446 -147.168056 9325.061821
6049.644980 11818.352940 13276.734184
-14451.738016 5628.535466 15509.130961
4758.824901 -6505.047321 8059.904161
4653.568389 1721.505545 4961.781947
4962.823244 -10052.001914 11210.368282
7168.243865 -8328.731878 10988.698504
11442.542745 14513.401318 18481.628778
-2747.280376 8570.169862 8999.742270
7856.386833 -4765.995649 9188.989531
2560.275550 -14750.168554 14970.720867
19710.225550 5517.754683 20467.989837
-10160.447274 18365.283599 20988.528545
-1285.668238 5105.808189 5265.189463
-3034.341308 -675.263006 3108.569977
-14582.438325 10145.588640 17764.584891
7697.982615 -18625.107271 20153.251778
11309.906574 -10728.318598 15588.803888
-676.698988 -6780.109031 6813.794830
11686.343239 10296.539997 15575.280228
-5386.488926 13934.882493 14939.719309
-24689.579304 -15517.970255 29161.322450
10373.668817 -4124.214297 11163.429056
8091.468890 781.002751 8129.073385
6453.581014 5927.295078 8762.507338
3669.669637 -8792.188878 9527.279806
-9250.659256 4995.223373 10513.179976
7429.165950 177.596842 7431.288405
-6161.980160 4346.238579 7540.543036
-176.022092 -13288.334019 13289.499794
1019.769889 -8963.399812 9021.223133
5151.553384 -3767.836878 6382.405269
10721.590644 2240.123289 10953.111809
-7006.255418 17055.365513 18438.359682
174.738407 -7122.964808 7125.107801
1497.445379 -2657.038215 3049.949957
4753.484294 4048.369358 6243.789506
-3801.934640 6522.832952 7549.970644
-4282.334374 9261.957077 10204.030409
-2271.517989 -10605.814159 10846.339841
-1048.898082 2762.787286 2955.195556
1045.105681 6884.861379 6963.731908
-5924.924575 3192.322590 6730.204658
7598.056070 1810.145647 7810.703125
4808.609321 -4623.517512 6670.804882
-4072.854806 -1450.395015 4323.400510
-9694.477756 -6929.981619 11916.691831
5663.528041 -7583.097943 9464.614323
-2064.645894 17725.098859 17844.940241
-4982.910012 -1377.802875 5169.887131
-884.879953 4557.771399 4642.875473
-6223.420622 -17639.835608 18705.474185
-6575.652957 -2332.529138 6977.098537
-4781.559108 -10974.125386 11970.577909
-2022.312507 -9016.904333 9240.904265
-4860.200139 9553.963995 10719.131187
-19888.938061 944.126837 19911.334277
3157.886947 3054.394647 4393.355964
2162.025447 -8520.477190 8790.499735
-10288.606328 -4290.855873 11147.504846
5923.237800 4833.657280 7645.193832
-413.690638 17352.696871 17357.627391
12110.193438 -6903.409492 13939.650200
5645.255659 5853.854918 8132.436834
4900.827718 20988.772116 21553.344688
-16336.169297 -2522.463945 16529.768651
2639.090057 5626.990157 6215.127879
4418.968339 -11256.029618 12092.372966
-2060.981518 13437.783376 13594.913273
-13390.677692 -10844.063882 17230.901617
-7214.382062 -48.849667 7214.547444
12554.529193 3825.341419 13124.383423
-4837.898018 4401.315841 6540.400475
14539.136353 -422.581358 14545.276240
-715.643601 10684.274072 10708.214520
-1854.196952 19765.176110 19851.957913
10149.889679 16863.752048 19682.641938
-6732.392105 5880.219617 8938.796686
2616.095740 5055.094949 5691.918996
-9223.745923 16285.278625 18715.976831
-7319.397583 7625.366696 10569.758665
-9972.205631 -5907.504988 11590.664361
12758.924604 1025.278350 12800.052841
12078.546396 12801.512091 17600.283943
-5043.354904 18881.204379 19543.165237
2138.091001 -5621.815366 6014.668830
-6520.435055 6806.197506 9425.518436
-1032.604009 -2361.467056 2577.362547
-4823.173685 -17418.655497 18074.085419
5316.467703 -913.060666 5394.303349
11769.270074 8611.681601 14583.441914
-8523.997832 14356.845817 16696.633219
-17216.536385 10483.707491 20157.312516
-21067.698192 5472.952683 21766.973106
244.956392 6236.592820 6241.401576
-5998.893520 -15227.013860 16366.083055
563.368772 -1346.896501 1459.970738
-4487.985094 -5681.520674 7240.282272
-8647.728602 -3608.793865 9370.517763
-10992.300213 4804.814309 11996.537189
4897.872035 -12356.780062 13292.071471
6381.251808 2514.706775 6858.871977
-7451.628826 -5009.870672 8979.174589
-1202.384922 12800.326995 12856.675336
6074.322160 -3099.064190 6819.207326
-16624.600855 -3729.274475 17037.747553
-8028.502019 -2816.531097 8508.213214
16072.697653 -7639.867626 17796.044145
-4652.410735 13313.417096 14102.907517
-15282.698680 -3612.412086 15703.833928
2178.174744 -8002.082876 8293.236736
-2998.920432 -5775.410927 6507.602872
-3073.846346 1170.172030 3289.047573
13610.874304 15928.740855 20951.865897
6931.218096 -6790.670100 9703.349149
4256.945828 20385.802866 20825.526315
-13798.685515 2896.404862 14099.393003
-5860.597899 -4600.880087 7450.819103
12885.728816 -10269.243515 16477.237921
3080.419504 10322.010007 10771.855685
4503.600762 -6943.647351 8276.270801
-14757.170426 11969.313537 19001.014329
-923.191795 -10861.589211 10900.752418
-3952.020257 2658.725183 4763.117017
-7962.194038 462.149511 7975.595029
1044.758420 -2633.871833 2833.513894
3044.999502 -3951.318557 4988.480761
-13120.398380 -1513.887296 13207.448974
2409.928924 -13025.480415 13246.542849
9695.566069 -5552.206109 11172.779156
-1085.545218 11622.640005 11673.224452
5494.614239 5822.728329 8005.932227
-76.237089 -3357.907649 3358.772971
-10393.181156 -6324.630438 12166.312700
-3837.332819 -19415.712959 19791.286791
2836.832390 -3794.645926 4737.821832
8312.652794 -9523.368427 12640.994529
7102.351859 7280.767570 10171.183724
10656.495738 -1259.883686 10730.713318
1398.383283 -5381.094892 5559.825361
12793.450024 9330.166596 15834.278393
-13141.472623 267.536362 13144.195616
-1120.319223 -9240.665682 9308.330538
7241.560368 -14941.456753 16603.834691
5099.917899 -11502.201314 12582.122143
5591.877692 -6789.532212 8795.842414
8270.990453 1012.076866 8332.681600
4123.126883 13173.264391 13803.444136
-2992.995305 3066.533014 4285.049080
-6801.110048 -4584.928978 8202.235769
-9879.844748 -15002.778147 17963.704640
-6941.282331 -16392.457005 17801.518111
9311.232860 -4521.129296 10350.829314
-12415.550938 -11100.429319 16654.291824
10741.672994 -6074.361502 12340.235263
-5731.582474 8563.061575 10304.225405
-4331.611723 -7575.593747 8726.538875
1036.494138 -12474.127978 12517.115838
5510.491999 11221.720439 12501.701151
-2108.889153 -3271.074481 3891.958597
-7791.064968 396.531096 7801.149290
-10258.003716 -10940.688311 14997.509825
17355.579354 -7618.588151 18954.129369
6859.381923 10862.714982 12847.166892
-7171.863539 15542.687908 17117.557479
-5400.548917 -419.231547 5416.796442
-7670.838873 2608.098511 8102.095214
-12643.154303 -19184.381727 22975.853694
1419.904614 -20365.413864 20414.852705
15934.368825 -3141.845755 16241.160815
10340.686298 10575.566731 14790.956858
7992.740356 -14.876386 7992.754201
5792.527530 5418.992301 7932.140490
4413.671333 -13818.261495 14506.027898
2214.745200 -8983.158690 9252.147662
-4706.448377 -2970.100059 5565.262859
-5181.168291 -11093.867596 12244.117082
12355.463659 -9768.343849 15750.492811
-5634.086319 -13340.356866 14481.300009
946.261003 -4018.280657 4128.194439
14802.272507 -3008.903323 15104.991578
6619.701990 10290.889061 12236.128967
-2973.754193 -4271.414115 5204.631835
1355.559947 2880.735928 3183.737153
9965.087186 6745.462976 12033.463067
10162.391932 16009.256545 18962.344394
-11647.375539 -7874.241833 14059.340006
2840.519524 -6273.181073 6886.316282
4877.795054 5284.548535 7191.615800
-8289.767486 -101.687581 8290.391145
12805.599010 -18499.685009 22499.371357
14428.808655 6979.891476 16028.393688
3831.265269 41.623927 3831.491369
4566.206969 -14747.625968 15438.352172
-4835.357869 -663.061853 4880.608235
-12338.372880 -5714.164664 13597.320440
-12645.188684 2318.432365 12855.968477
-8130.034345 -947.133536 8185.018044
-1131.887360 -8680.328200 8753.814406
9642.457794 -1607.923218 9775.602763
-4114.782654 5212.385389 6640.813033
462.472430 18349.829245 18355.656188
-14126.306570 -9496.378188 17021.566791
9031.274214 -968.299269 9083.034592
-10472.072911 -4384.390587 11352.849504
6652.847169 -8651.427222 10913.641392
1462.333151 -2540.696173 2931.476640
1012.794636 5699.933844 5789.214005
-3958.075436 -1463.162905 4219.858628
-2707.327919 -9630.038019 10003.362270
12672.501031 1038.184783 12714.956155
-6972.416810 9394.465449 11699.169938
-13931.489961 196.100147 13932.870049
9900.389304 -10727.320755 14597.709373
-18718.751730 6870.884878 19939.927917
-13015.052347 -9228.490662 15954.830851
2313.351722 -3989.004218 4611.263475
-2784.754364 -2793.892698 3944.704460
273.797903 -5967.293754 5973.571799
-529.530269 9366.797986 9381.753931
6477.781069 -5400.772961 8433.860098
-11856.239651 3600.717147 12390.947609
-3317.560168 -1339.563094 3577.797472
5163.642245 -11446.361335 12557.164849
-622.036315 -8461.054461 8483.888953
-10663.180803 -2197.147437 10887.188880
-5718.531168 -8448.130027 10201.592997
-7996.497090 -9388.254041 12332.204979
-7801.700814 5428.687630 9504.587575
-8945.233608 341.178464 8951.737655
6513.656377 6917.417654 9501.493903
-13285.818286 2391.711397 13499.379650
1381.928204 6027.487325 6183.876536
3555.295554 -12212.718353 12719.694023
6035.673073 501.093305 6056.438223
7131.500163 -5376.493041 8931.123781
-11425.281601 425.973328 11433.219710
-7694.565292 -5248.083623 9313.899116
-2972.472761 -353.344747 2993.400546
4627.948036 -7998.962992 9241.283027
4771.357672 4457.463876 6529.535837
-6932.093483 10464.882751 12552.596984
4734.959435 -314.629320 4745.401191
-5738.191382 2068.109536 6099.501405
-2431.360710 11726.000213 11975.416314
1071.197256 -9596.205238 9655.807503
-1800.499391 8324.069020 8516.567566
-141.787584 687.661210 702.126526
4416.438632 7000.863161 8277.500540
9435.830006 -949.199297 9483.452283
-2253.330523 395.111994 2287.708883
-4068.030486 -5454.285391 6804.270803
6010.669688 -9385.071533 11144.851626
16366.522299 7260.504532 17904.691515
-105.474843 186.278752 214.067083
10349.052455 1455.089013 10450.845456
1854.101864 8153.942698 8362.085580
-14569.304088 -1747.535165 14673.735065
18075.521180 -15274.953667 23665.347566
20145.210290 12599.412125 23760.780364
3086.092185 8278.034159 8834.580608
17223.185313 -10247.177079 20041.026681
6582.584827 6541.476105 9280.158007
12811.989421 7733.174416 14964.927647
679.466796 2680.232770 2765.017690
5665.545873 -1466.274758 5852.210840
-12705.014208 -5604.436733 13886.219684
8359.506033 -4913.810450 9696.745550
-10255.961008 6641.621101 12218.668792
8596.163585 -9589.412680 12878.309824
3446.235727 1753.164383 3866.539285
-5269.632163 11789.894857 12913.970880
-481.840236 -11213.044139 11223.392040
-2392.657665 -86.828350 2394.232625
-14601.498137 -3948.669825 15125.995545
11306.161647 -809.953731 11335.136357
352.123385 7445.777861 7454.099465
-11583.296369 549.857442 11596.339852
3579.141269 -7290.943990 8122.075873
-5472.133589 -2252.071629 5917.438013
3969.177564 -13030.158549 13621.284901
-1673.049947 4454.838432 4758.642830
1388.413833 -9149.666978 9254.409694
743.156945 -5516.331346 5566.165086
6097.875174 3292.120146 6929.800624
3704.232988 -7402.283502 8277.387455
305.058723 12074.444182 12078.297195
-15825.489742 5919.179041 16896.236447
-11517.681432 -4110.796821 12229.294177
-6055.049127 -15693.545524 16821.147138
-1684.773563 1037.537908 1978.622468
8483.695591 1846.957692 8682.415770
-8014.319812 -1574.473843 8167.514305
1335.914408 10664.224656 10747.574369
-8225.139723 -11284.547939 13964.023262
5352.517430 -10866.280992 12113.030399
-6104.055488 1497.867373 6285.149168
-22038.361912 -868.209148 22055.456987
15564.235559 -21416.444709 26474.696080
1004.367427 13535.020202 13572.233634
540.611626 -2113.986055 2182.016950
-7141.387652 6609.794441 9730.817034
-10686.904724 4385.648930 11551.789866
-2092.772199 11026.355137 11223.199324
-14961.239897 -8893.091748 17404.763144
2250.013534 -18678.344938 18813.376372
12145.339393 17322.664481 21156.180508
7332.151799 4895.528433 8816.271811
-7118.982759 2109.490021 7424.948732
211.804762 12226.401086 12228.235554
-417.353268 -16039.227710 16044.656721
1860.202190 -8806.600760 9000.920461
6238.898820 640.046217 6271.643935
12126.495782 3021.976214 12497.369330
-1670.727743 3452.260355 3835.287832
9005.907535 8318.792586 12260.044071
10646.369549 9302.885674 14138.205913
-22442.696812 1780.830698 22513.240508
5903.608360 -6484.391940 8769.260545
1969.966796 -1717.754812 2613.704416
11676.544370 -16634.457885 20323.554747
12730.436842 1387.838829 12805.862673
9254.939761 6007.666008 11033.855212
5470.701342 -17375.799134 18216.667333
8738.264959 7012.337353 11204.023815
4354.374545 -20210.415585 20674.174127
12351.309404 -5841.902436 13663.186600
2183.694743 6221.554364 6593.653117
-5931.839986 -8431.523282 10309.088732
16184.667849 4245.307950 16732.187932
1929.413561 -3473.153969 3973.088871
17530.558118 1465.557233 17591.711854
4097.714780 2887.436457 5012.839087
-4915.760557 3583.396853 6083.209257
10551.571841 -18355.306521 21171.984928
1527.708343 4557.096168 4806.351867
577.110538 5302.672617 5333.984764
15157.302392 -10997.476451 18726.673599
19214.195816 7712.700654 20704.373263
-5064.821921 5991.879872 7845.702358
-8193.815904 4532.376240 9363.816180
-7493.086735 -8282.636687 11169.083190
-13916.798791 -12476.222655 18690.463352
6358.784216 -10816.391191 12547.049657
7942.238976 -2140.673933 8225.669872
-2940.815294 2821.465581 4075.421772
-11816.594128 5162.658472 12895.151775
-2970.169196 -5167.165306 5959.991808
-12494.712019 -663.204468 12512.300692
-10895.516064 -7640.515081 13307.506942
3319.821063 -6439.752595 7245.110446
-3591.248709 7444.056294 8265.049389
-18047.978841 12487.064401 21946.669852
-8482.531378 972.890136 8538.141121
-11477.849812 -4287.807374 12252.604964
-13671.483531 -3793.315555 14187.977476
8995.857736 -9912.668286 13386.054272
-10623.507919 8139.410402 13383.158155
8184.642789 -282.477476 8189.515927
-6914.595248 -6855.355185 9736.915434
-2915.712158 -9513.552857 9950.329911
-2120.892067 5707.933938 6089.227620
-1711.424876 5810.683991 6057.476665
4119.343485 -16011.865021 16533.263810
10185.298054 18901.097499 21470.719204
4628.711112 -467.111638 4652.220958
-18227.950251 -2883.507711 18454.614248
-15082.133402 -8987.399230 17556.881639
2261.561981 5357.876484 5815.625762
-4075.698059 -5466.632507 6818.752498
389.883237 -12613.657250 12619.681381
24573.796870 4101.185186 24913.675211
-17969.188567 9046.717398 20118.022602
-265.868962 -13424.961164 13427.593551
10504.278671 12315.951041 16187.109699
-5063.088053 -364.627656 5076.200741
4097.497616 -2266.903754 4682.770477
11161.040025 -3960.830719 11843.014583
2127.792810 -9630.182394 9862.449756
6481.148382 10020.319444 11933.653510
-1364.374795 -5191.178656 5367.481199
-3290.605862 -6765.730761 7523.509797
2558.579095 1241.548376 2843.900377
1415.878152 7092.832702 7232.771715
2886.199161 -10627.642530 11012.580594
-5478.376980 1368.407900 5646.694123
12928.860960 -4316.838873 13630.500489
1131.502752 1599.465479 1959.231558
-3690.993235 6206.365314 7220.969566
922.719682 -12445.336933 12479.496103
3077.160394 -4939.883443 5819.911041
-9755.286912 -3266.988279 10287.800307
-3282.557184 149.063149 3285.939970
4366.849395 2832.647559 5205.119194
-12029.309217 3725.639946 12593.040667
-4571.212962 -10235.062666 11209.482402
7042.476602 -9127.501832 11528.563067
6243.308255 10090.243540 11865.576795
-6606.797070 299.916725 6613.600953
-2962.947122 -19.489038 2963.011217
-3713.053874 8728.536248 9485.468576
-17173.195358 6534.902868 18374.536574
2186.933561 565.818306 2258.944168
10258.306636 1136.160504 10321.032687
21417.999645 -1749.125275 21489.303107
215.076802 12850.818513 12852.618196
-12935.869939 18456.252248 22538.189327
-9049.693197 -9704.242184 13269.109365
8831.014705 -288.809310 8835.736049
-6952.952563 16840.559634 18219.440116
-5111.803062 -5159.124559 7262.719653
20566.813870 -5019.217820 21170.412852
19547.449503 11522.457345 22690.742724
-10982.544524 11935.408263 16219.440638
2029.462351 1361.246551 2443.708167
-1948.880596 14941.953541 15068.513902
-1247.360131 5300.617506 5445.406619
-9046.521808 -18380.625989 20486.262924
19892.732502 -4877.941678 20482.068289
9149.880239 8897.683381 12762.800553
6561.799566 -4297.678491 7843.931027
9755.058051 -3308.749432 10300.921336
-7352.322612 7298.529805 10359.786924
-6494.434627 -6894.329801 9471.508039
6554.294532 -1776.550153 6790.795775
10321.588119 -1025.538202 10372.410998
20394.239416 -2235.568479 20516.402408
-1257.868182 -4259.902937 4441.734503
1020.827337 -11908.033909 11951.709503
7894.654554 -8755.751295 11789.349060
11035.378351 -4422.083945 11888.414603
8116.099031 4711.393203 9384.470651
-274.455569 -1969.532346 1988.563180
-5198.145275 -4005.994156 6562.675025
-840.489977 -14914.547542 14938.211130
-462.650970 -12077.898305 12086.756115
15827.193668 -513.453346 15835.520002
-16580.755692 -1782.475597 16676.290912
2440.966100 -6324.772425 6779.458808
-508.890828 -1707.954627 1782.155684
-6083.835471 -10303.014771 11965.164746
-4838.452635 -9093.627597 10300.712925
3298.460745 3458.389016 4779.152422
-6451.533353 -10947.309377 12706.921940
6479.950660 -5781.911950 8684.484231
2843.821319 9215.467448 9644.281206
2656.146966 -5265.719273 5897.704313
-10927.128759 -5532.553594 12247.909707
5167.275834 -7911.483385 9449.460773
9167.197453 20689.205228 22629.200651
-12072.059457 -4735.721499 12967.716747
4119.047808 -11671.995574 12377.480985
611.600101 -749.629800 967.470682
-5970.424112 -13155.753716 14447.138814
10457.814430 3577.210023 11052.706193
6354.994933 241.668552 6359.588374
1779.722543 2281.602980 2893.635169
-918.247903 9288.496689 9333.774689
-6909.360753 625.558527 6937.621313
-8909.588082 -4043.759606 9784.311500
1723.411840 -6279.684188 6511.880056
2011.367224 -928.799069 2215.460633
-2200.463873 -3188.234216 3873.871278
-11500.608416 -11515.419521 16274.792800
5129.731161 -8192.133327 9665.670707
7213.153724 -7248.816830 10226.188541
-14672.655007 -5769.114884 15766.086753
4639.503579 2472.928705 5257.410944
-592.670522 11865.474058 11880.266536
-6797.884192 -3856.136564 7815.434645
-1512.406450 -3084.823949 3435.623970
-2362.307596 -2603.589843 3515.562152
-7734.113193 -10643.242836 13156.562049
12209.840379 -1630.100832 12318.174817
8416.024700 -12964.503214 15456.643081
14826.430252 -6353.267044 16130.314199
8258.069107 10178.725896 13107.332537
3053.022512 9729.641098 10197.394881
660.212647 -7238.034543 7268.082607
7050.299804 4138.461964 8175.181634
1336.599386 -2143.460735 2526.048662
1117.765491 -6051.461172 6153.826615
18795.943104 -2516.556842 18963.663557
5451.304600 10458.051722 11793.539234
8219.163918 13285.687304 15622.552373
1278.975689 20126.297868 20166.894771
4449.171078 4355.155923 6225.954256
-10351.282374 -12030.716814 15870.954409
14772.573352 -11605.528003 18786.090697
15327.731506 7865.730198 17228.147453
2197.161521 -1225.142163 2515.649433
9378.711873 3591.041529 10042.699621
-8292.647805 5048.972092 9708.765462
-8691.094112 -2916.861829 9167.507829
256.439949 5012.219307 5018.775132
11181.600906 -762.350067 11207.558898
-6186.324647 1335.615005 6328.860883
3804.868540 -9042.643147 9810.525964
2861.040342 1915.549069 3443.091645
-6521.147202 -3621.271935 7459.153521
6880.396992 7434.325754 10129.613131
14549.767954 10228.342333 17785.239228
-7605.332740 8980.049643 11767.853571
-18205.449183 1182.992658 18243.844211
9727.829257 -11609.659581 15146.447031
1387.180824 425.920881 1451.095874
-1154.503560 7454.167335 7543.042432
9864.489269 -2304.966231 10130.203249
-12603.676116 11743.445582 17226.757262
-18248.365757 -13606.596833 22762.739953
16883.505169 437.994063 16889.185463
2527.101877 2078.175482 3271.858376
4380.567914 6062.740617 7479.719182
4003.661818 10293.653598 11044.845510
-20413.078132 10780.053476 23084.698650
-9670.034627 -5102.863718 10933.836829
-951.908062 -20196.249053 20218.669709
833.622109 -11081.202952 11112.514778
1650.261580 -1270.097053 2082.428824
-692.201509 12333.116803 12352.526584
-7425.665079 -6727.245566 10019.797142
-37.514848 -2364.589181 2364.886754
5525.601193 -6811.734949 8771.088961
4605.740671 -696.067742 4658.042232
4994.078113 12753.569909 13696.509104
-3017.364729 10996.737224 11403.189004
-3572.695233 -5284.965964 6379.264571
7996.211297 -6795.050686 10493.431704
-4325.591395 6224.680304 7580.065026
-2749.545394 -7033.909490 7552.210444
-772.952319 2669.135598 2778.801923
3058.829567 -4799.763398 5691.587388
16239.172777 -17986.653420 24232.837921
10521.773043 3433.697848 11067.880957
6804.247007 2592.964862 7281.568795
15927.576551 2030.025514 16056.422341
-31119.051010 5709.338881 31638.455813
-6326.536196 -14040.077008 15399.637094
2913.873862 1624.654413 3336.189869
-5192.852466 -7778.442247 9352.533375
20679.170468 -2642.585042 20847.334289
12960.255637 1892.921509 13097.762329
-7163.927442 1453.168694 7309.825966
-1413.952732 -4519.686892 4735.697618
-13593.330922 3936.973196 14151.975251
10159.819396 -16906.930254 19724.761614
-4959.384983 -1563.466134 5199.992862
6723.959476 231.474198 6727.942578
-3306.447124 -5849.292288 6719.137806
-3597.716993 8475.988470 9207.928546
-14588.767495 -17130.679488 22500.940352
3189.881610 931.947370 3323.231949
-2557.911419 -6934.962092 7391.658140
-1205.641337 -413.971921 1274.732829
-2535.153904 -3380.702663 4225.654483
-10554.831700 14989.505030 18332.750292
-3165.597680 2504.090746 4036.270448
-7330.076204 4781.497872 8751.727776
6408.245667 -3299.826544 7207.944766
-5122.178627 -4822.079319 7034.853435
7073.987145 -16878.278891 18300.753877
7271.320416 -3325.760388 7995.797819
272.206339 10053.847890 10057.532186
56.618771 16185.413033 16185.512063
-20067.060587 6810.984882 21191.423635
173.617853 -22303.663089 22304.338823
8970.122184 -3872.340994 9770.266975
-1624.642645 -1921.007398 2515.896093
8017.396220 3991.106287 8955.867995
-7192.622301 464.142513 7207.582385
-5477.454527 -14157.429933 15180.096522
-2883.015707 -12629.975709 12954.847200
-4393.616397 -6958.007822 8229.078800
17533.077798 -12693.691332 21645.752856
6387.919549 8616.236672 10725.905582
9127.630031 7266.790466 11667.042198
-5145.911480 10958.293926 12106.387187
-11129.450078 -10093.517765 15024.771543
-14001.402078 -6897.249429 15608.052724
-1267.784651 -1322.190967 1831.793350
6170.242535 -20039.856973 20968.256018
831.897245 2606.844990 2736.365076
-15457.510235 3717.697553 15898.298581
-3596.130054 -17193.103224 17565.162961
12978.002956 6499.912268 14514.731145
-5569.223253 7698.207234 9501.507368
16273.187748 -409.682663 16278.343877
-4090.293852 4046.132687 5753.407122
-199.581665 9753.465615 9755.507385
-7842.245641 6.851502 7842.248634
-3313.513236 -140.161659 3316.476332
1522.702905 -6945.401738 7110.360711
4913.312015 -6758.123544 8355.409553
5956.001644 -9837.064943 11499.643572
6155.682123 -3365.524156 7015.637907
3631.490046 12266.413287 12792.678174
-14170.382615 -3924.488660 14703.787087
3320.445592 -10186.280092 10713.807028
9827.800689 -344.658215 9833.842365
-4546.043162 11631.051635 12487.908975
387.318193 5172.136753 5186.618742
-1269.016584 6754.546340 6872.721393
503.008759 9653.823712 9666.919368
-1158.177963 -759.319406 1384.897886
3284.058516 -10318.529189 10828.531062
-2333.894539 -8102.400633 8431.842013
14367.246271 -3727.810703 14842.989525
6161.659145 3060.102682 6879.699982
-7028.153539 -2230.456855 7373.593421
1652.052546 12873.293990 12978.866505
6342.021051 9969.084683 11815.408602
-12336.662603 3301.437003 12770.776424
-11945.016286 -790.480283 11971.143352
-4257.663066 -1029.577059 4380.379402
250.968766 3037.295262 3047.646277
-1140.464629 11730.894171 11786.201153
617.238941 6943.164799 6970.546703
-2471.896096 -6126.298385 6606.194230
5075.759427 -9115.675448 10433.545545
-596.163372 -1888.590735 1980.450891
23914.045001 -1197.108881 23943.989183
4416.822539 17788.313226 18328.458985
-11114.505808 8572.829000 14036.582077
-1700.786842 -909.302170 1928.602167
219.881310 9019.552501 9022.232269
-2306.236841 8620.786691 8923.939239
-3809.387974 -1810.957385 4217.938286
3430.851000 -3803.866836 5122.513201
-3299.405381 3466.455920 4785.644420
-27.261454 936.796056 937.192637
3516.917437 -14967.079769 15374.725528
-4221.224396 7763.012500 8836.464139
-6576.898398 2974.778016 7218.372170
6337.657048 -3280.639725 7136.420241
16771.492997 3026.981716 17042.464483
8656.527692 6278.332298 10693.592854
4910.783299 4763.783654 6841.741541
-4916.543818 -590.461831 4951.873210
-6395.793994 448.580486 6411.505694
-1716.337100 -11141.372303 11272.798669
-8925.812436 1587.678822 9065.917035
4495.288824 -6838.501098 8183.686142
7007.108072 -4245.047922 8192.679378
13421.634642 1294.975059 13483.962210
4026.352186 2304.035110 4638.975071
172.487097 3779.382697 3783.316715
-9601.562273 9156.722703 13267.839641
682.129006 7249.545492 7281.566441
-4779.914171 5862.586144 7564.224731
-15456.815156 -9841.545420 18324.004776
3356.516008 -15479.238783 15838.971969
1589.416152 -10440.926579 10561.211651
7903.610455 -6568.634661 10276.868177
14135.305718 11597.567187 18284.157963
-199.339986 12052.077186 12053.725604
-5994.422992 1005.940579 6078.241806
420.018186 -3356.300128 3382.479242
-16819.346600 -17984.977121 24624.171501
2748.735207 -6388.268807 6954.532593
-9163.843696 -1032.656382 9221.844202
-8508.957033 -18305.401819 20186.383667
10795.015159 -3735.209297 11422.965498
-1103.719710 17418.658002 17453.591143
5184.801894 -5700.624665 7705.796017
7785.722087 -15087.191289 16977.656181
148.554865 2622.252284 2626.456851
-2001.030722 -7096.357093 7373.086731
-2174.087168 7196.649723 7517.873519
-10138.672475 -3403.552574 10694.711295
11432.792420 531.507642 11445.140579
-728.067304 2092.293623 2215.349770
-5662.297327 219.425912 5666.547339
-2881.543990 8397.314968 8877.961164
-23943.588901 -490.174399 23948.605813
-8935.757525 -8369.094276 12242.936802
-2213.423207 -722.043761 2328.215945
-5565.606322 2432.344677 6073.901083
-1178.531795 13861.935796 13911.944552
2473.664032 -4.225034 2473.667640
-6581.339159 -910.301832 6643.995375
-6110.954844 4894.037674 7829.136215
-15431.516669 -2500.676881 15632.820973
-3392.463536 -5451.469194 6420.850817
-88.863504 11478.644392 11478.988361
-7264.768596 2922.001780 7830.386781
-2511.328561 -5009.700952 5603.916021
-2849.083823 880.285148 2981.975951
-9497.804834 7282.321907 11968.312705
9729.814845 -916.342196 9772.869586
12301.852853 10467.192103 16152.327825
-7053.994517 -149.530456 7055.579211
13787.309372 -7975.558388 15927.944981
6788.054979 5825.199727 8944.866810
-372.649449 13351.645340 13356.844721
2227.046886 -2410.700818 3281.953118
6732.426474 5988.459886 9010.394999
-7158.194760 6362.595890 9577.180101
-8083.366846 -2697.279444 8521.510193
7176.609151 -6342.000709 9577.300867
14014.067980 2775.897608 14286.346940
1737.935235 1679.146207 2416.599028
7688.871126 -8058.723434 11138.301602
-211.843401 13807.553272 13809.178288
4561.080336 2589.759809 5245.027140
-590.378939 -2288.931542 2363.843247
-483.149229 3174.914671 3211.466386
-9355.690230 -1336.950447 9450.734161
-5272.509398 -2635.745248 5894.616897
10686.982476 6999.858838 12775.351980
8529.857447 983.865758 8586.411351
4561.633731 -2282.271426 5100.712221
7827.198890 -1988.909166 8075.939706
-4104.716160 8774.110714 9686.780351
-10098.270513 3032.953232 10543.902155
384.923069 -5835.509932 5848.191339
-1800.161903 -3081.601354 3568.872341
13803.521373 1614.711222 13897.643492
15699.172642 -5131.549073 16516.561916
13107.935073 11313.361803 17315.025762
-2352.158705 3431.145467 4159.977138
-4216.566429 -1515.191988 4480.540058
6311.754835 -11417.230676 13045.742808
6285.190460 -7167.865284 9533.200504
8133.037229 4798.534034 9443.104545
-2351.738599 1391.656723 2732.651254
3920.630618 -15085.989137 15587.123297
14163.966386 1122.178504 14208.350656
10864.277843 -3376.785059 11376.959628
813.425665 1874.401354 2043.291890
10752.970833 2004.064617 10938.128576
-2640.185969 5398.647298 6009.656779
-6113.154164 -9868.716967 11608.713469
3524.203581 2509.254770 4326.242062
-4696.807982 4161.356149 6275.100814
581.152704 -8671.389811 8690.842291
33.306308 -10879.683886 10879.734867
15757.799860 -4494.164441 16386.145686
-411.010660 878.598299 969.981821
2633.841112 4532.655303 5242.335653
5896.128120 2536.952630 6418.758093
-2771.257800 12828.350588 13124.269450
-3968.531066 -14169.433294 14714.689215
12796.037035 -5588.629600 13963.213978
-848.858768 4373.802140 4455.413154
-9841.836456 -3679.527378 10507.172148
4534.965669 4823.418961 6620.519926
-18121.668283 8619.957676 20067.349892
11445.447811 2701.590824 11759.968902
4474.902312 6104.320621 7568.849381
-23841.719281 -8195.822250 25211.090430
3692.582558 -3383.404729 5008.252540
-12065.239913 522.538726 12076.550041
-1796.188936 -9357.644901 9528.473791
5483.133473 8172.732102 9841.661582
10529.396093 6851.348203 12562.211362
-586.631914 -258.818388 641.189489
-5783.071481 303.171600 5791.012759
-2093.151191 6162.074190 6507.875247
-17747.574658 4687.621576 18356.203374
-5989.330333 7086.745056 9278.687048
9133.839655 8590.635225 12538.980836
-2239.021457 3480.378850 4138.387853
-329.278633 2858.797639 2877.698449
11078.501247 11833.043700 16209.691949
-8940.437632 -4638.308135 10072.007119
-3483.662523 6346.341991 7239.610572
-266.756948 504.522979 570.703693
9164.445748 -9583.830066 13260.349339
-1852.154375 15799.423366 15907.616243
-4440.775624 2565.741825 5128.695668
13528.759227 -7143.617535 15298.973747
-6148.296100 23383.738949 24178.519230
-17166.873792 -41.037563 17166.922842
6051.769128 -13527.068672 14819.092294
-2100.272775 5320.668410 5720.197379
367.697969 3710.712203 3728.885470
7703.710182 -1685.519767 7885.944931
-5522.859509 -2924.732843 6249.483128
3928.833961 -9541.112259 10318.360308
5772.924704 -1656.851165 6005.981637
-7963.330831 12107.050261 14491.214716
-14082.378188 3851.533461 14599.578262
-10453.025456 -16031.828978 19138.580970
-4829.509385 -295.253482 4838.526172
-15220.477247 -3673.525551 15657.513136
2557.076468 -8213.975732 8602.792419
9053.238910 -3433.101499 9682.320004
7320.377132 6926.503340 10077.914957
-6577.036871 -4883.976467 8192.108406
-13167.909523 -4040.982669 13774.011113
-5631.869968 -6509.469413 8607.621703
-8247.909634 3513.177713 8964.955715
5432.297007 -5876.917978 8003.000418
78.575668 2313.690008 2315.023886
2194.385343 -1767.196389 2817.500685
-19302.479178 1632.694800 19371.406627
-1771.110424 -1285.034121 2188.182996
2078.078000 -8182.192276 8441.959407
-6188.160333 728.422850 6230.885022
-5039.430376 -3835.689877 6333.117348
-3980.228506 4950.572507 6352.195456
-5007.156655 424.406247 5025.110787
357.100091 -5581.990057 5593.400886
6978.176099 239.806529 6982.295384
-4465.328806 -11707.269063 12529.936562
9312.179312 170.138114 9313.733436
-1199.620092 10511.117767 10579.351827
-6373.849993 680.083504 6410.029431
5315.796708 9048.459433 10494.394349
-8642.965421 -6878.297386 11045.896351
13826.724628 -15972.700448 21125.943139
-3540.689506 12476.608255 12969.280463
-7906.539549 3744.319861 8748.331204
-12266.611099 4400.769268 13032.134054
-960.324706 -424.737973 1050.059945
-3897.894848 -11062.903881 11729.510924
4306.535397 2420.924680 4940.356610
5950.597689 -2579.032278 6485.446811
7224.586404 20523.907045 21758.341138
-339.215931 11460.459659 11465.478753
-1664.277598 -6799.386778 7000.105748
9218.131358 8900.842333 12814.013421
-8737.256448 -1654.073605 8892.446780
2237.668868 5305.773096 5758.332233
-2447.674994 3424.071577 4208.964129
-1999.007650 14753.283839 14888.096440
-1331.138959 -11694.408179 11769.924112
-7468.306354 15722.617984 17406.214870
4467.646900 12054.005183 12855.306678
-8675.331106 8322.657783 12021.979969
10640.065795 -11985.305984 16026.807531
13750.215425 -2819.453244 14036.300825
947.012055 19135.186903 19158.606673
-4993.302800 -3265.090605 5966.061474
14831.308692 11164.022356 18563.488699
-12285.811912 2414.746469 12520.869572
-1549.571246 -11879.136095 11979.776517
6215.476607 -10934.505046 12577.581248
1998.547601 417.627178 2041.716184
5304.468966 7982.484699 9584.229389
-15103.654287 1326.442275 15161.788216
-3942.178762 -10634.557837 11341.719172
6040.957804 -9792.158936 11505.631135
-1045.045850 -4073.968196 4205.869434
10163.083965 -940.522812 10206.510611
-452.696674 14418.478893 14425.583797
-5986.019411 446.024069 6002.613252
12909.091069 14341.669882 19295.805950
-6403.841006 14026.273867 15418.999261
-24741.354369 -8137.120401 26045.102120
10321.824897 -25422.146879 27437.667925
2071.202619 -5974.289115 6323.132983
-17295.215357 2315.953249 17449.587781
4120.598148 -6609.506841 7788.768181
19109.521450 8667.406315 20983.272916
-14397.799220 2072.200501 14546.155413
8.188626 876.490732 876.528982
8921.347432 8385.082412 12243.367472
-17928.185475 9466.716141 20274.085650
-7761.934557 -8961.409913 11855.568130
-5957.297724 -2985.418911 6663.491746
-8332.372730 -528.662377 8349.126853
9098.586947 -1928.103964 9300.638114
9377.880392 -5418.501653 10830.734085
5911.593499 8855.983163 10647.787351
-20689.127628 6703.108716 21747.911819
-1447.203130 8623.716360 8744.305619
-9286.102565 11474.406226 14761.222818
-13854.469598 -1035.844584 13893.138660
16334.482327 -10505.420872 19421.101426
-5245.881954 5997.313224 7967.875713
-2646.094465 2093.756086 3374.259988
-7946.738689 -5766.346136 9818.421642
-1292.042450 -1532.444197 2004.434811
-2601.304254 11867.413703 12149.168359
-15428.973788 7209.833927 17030.412133
2498.649366 -22611.660453 22749.295310
2670.211836 13917.024074 14170.871192
-471.553771 7049.362601 7065.116845
5391.902521 -3605.065221 6486.070309
2032.863852 12077.440383 12247.330388
-10687.992407 17540.260121 20540.056153
-5591.628494 -13132.096111 14272.990489
13303.881094 2286.076321 13498.866512
15109.757489 9006.267271 17590.270649
5795.309878 12489.721449 13768.760237
-1511.913136 14871.954236 14948.608769
-4017.211350 16177.367584 16668.689480
-3878.442415 2821.753194 4796.311776
-3784.281726 4854.824865 6155.494508
13771.107073 -13964.261970 19612.343113
437.854593 -2755.494464 2790.065659
15757.972828 6693.490117 17120.645946
-7253.481762 22552.928962 23690.664880
-7743.357519 -2718.175171 8206.586496
-4838.639266 7853.884578 9224.745683
-8266.496817 21201.691612 22756.245227
6581.694653 5023.026756 8279.462681
3335.865085 7318.571924 8042.977737
-1221.560007 -2691.199607 2955.463445
4123.799146 386.654571 4141.886183
1913.757411 6767.021158 7032.427943
-5585.672391 -4097.329530 6927.325987
10545.331699 13849.657174 17407.384194
-5458.569574 12119.410269 13291.955728
-10594.805806 6399.799115 12377.695213
14096.510457 6012.126118 15325.053589
-2606.698450 14689.753872 14919.240786
276.285455 -776.554604 824.239471
4560.604372 -16322.905918 16948.049145
20293.292817 7863.311860 21763.487927
-1861.200679 3642.944172 4090.856904
12996.055851 11281.802604 17209.780291
-9459.616902 4848.765940 10629.905130
-995.543450 -6088.278622 6169.136353
17357.146748 3762.924632 17760.353178
-4816.179683 5846.872740 7575.058255
9608.760230 -16056.911906 18712.367384
11031.600795 -8704.361532 14052.121753
-11819.746474 -8434.054708 14520.319746
11361.451234 -9104.261996 14559.195054
20679.903982 13926.068186 24931.783006
4278.061349 691.722690 4333.623101
3472.508420 -6701.413969 7547.666124
-1218.210455 3230.406895 3452.472363
1417.824318 -5450.416894 5631.808778
-3195.020560 271.791861 3206.560026
9558.179986 -6678.062100 11659.987910
-1295.231099 2347.716512 2681.304984
19258.704421 -11863.947351 22619.702535
14448.453302 963.929808 14480.571932
-6513.036541 12946.020956 14492.035868
5438.489069 -12743.046413 13855.049449
10273.989848 17194.316222 20029.962000
3485.938540 -2895.167413 4531.419409
3214.344129 -5447.441041 6325.078820
1927.565889 2560.189942 3204.696990
-3601.156896 5926.710481 6935.000225
-3652.321243 -2025.217805 4176.237256
2.606119 -8678.696266 8678.696657
4875.984260 -9877.620219 11015.561888
11780.276270 3846.841194 12392.461264
-2693.715707 9737.563980 10103.279496
5848.989070 -17026.317291 18002.948470
14944.423523 0.000000 14944.423523
